COORDENADAS DOS VERTICES DOS PAINEIS 

Ordem de numeracao dos vertices em cada painel: 
                1        2 
                 x------x  
                 |      |  
                 |      |  
                 x------x  
                4        3 


          Vertice 1               Vertice 2               Vertice 3               Vertice 4 
N     x       y       z       x       y       z       x       y       z       x       y       z 
1  1.8821 -3.0000 -0.0617  0.9410 -1.5000 -0.0372  1.7910 -1.5000  0.0372  2.5821 -3.0000  0.0617 
2  0.9410 -1.5000 -0.0372  0.0000  0.0000 -0.0000  1.0000  0.0000  0.0000  1.7910 -1.5000  0.0372 
3  0.0000  0.0000 -0.0000  0.9410  1.5000 -0.0372  1.7910  1.5000  0.0372  1.0000  0.0000  0.0000 
4  0.9410  1.5000 -0.0372  1.8821  3.0000 -0.0617  2.5821  3.0000  0.0617  1.7910  1.5000  0.0372 
5  2.5821 -3.0000  0.0617  1.7910 -1.5000  0.0372  2.6410 -1.5000  0.1115  3.2821 -3.0000  0.1851 
6  1.7910 -1.5000  0.0372  1.0000  0.0000  0.0000  2.0000  0.0000  0.0000  2.6410 -1.5000  0.1115 
7  1.0000  0.0000  0.0000  1.7910  1.5000  0.0372  2.6410  1.5000  0.1115  2.0000  0.0000  0.0000 
8  1.7910  1.5000  0.0372  2.5821  3.0000  0.0617  3.2821  3.0000  0.1851  2.6410  1.5000  0.1115 
