COORDENADAS DOS VERTICES DOS ANEIS 

Ordem de numeracao dos vertices: 
                1        2 
                 x------x  
                 |      |  
                 |      |  
                 x------x  
                4        3 


          Vertice 1               Vertice 2               Vertice 3               Vertice 4 
N     x       y       z       x       y       z       x       y       z       x       y       z 
1  2.0571 -3.0000 -0.0309  1.1535 -1.5000 -0.0186  2.0035 -1.5000  0.0558  2.7571 -3.0000  0.0926 
2  1.1535 -1.5000 -0.0186  0.2500  0.0000 -0.0000  1.2500  0.0000  0.0000  2.0035 -1.5000  0.0558 
3  0.2500  0.0000 -0.0000  1.1535  1.5000 -0.0186  2.0035  1.5000  0.0558  1.2500  0.0000  0.0000 
4  1.1535  1.5000 -0.0186  2.0571  3.0000 -0.0309  2.7571  3.0000  0.0926  2.0035  1.5000  0.0558 
5  2.7571 -3.0000  0.0926  2.0035 -1.5000  0.0558  2.8535 -1.5000  0.1301  3.4571 -3.0000  0.2160 
6  2.0035 -1.5000  0.0558  1.2500  0.0000  0.0000  2.2500  0.0000  0.0000  2.8535 -1.5000  0.1301 
7  1.2500  0.0000  0.0000  2.0035  1.5000  0.0558  2.8535  1.5000  0.1301  2.2500  0.0000  0.0000 
8  2.0035  1.5000  0.0558  2.7571  3.0000  0.0926  3.4571  3.0000  0.2160  2.8535  1.5000  0.1301 
